
Number Patterns: 


1)   10,20,30,40,50     (+10) 
2)   1,7,10,16,19       (+6,+3) 
3)   2,5,10,17,26       (n²+1) 
4)   1,3,8,15,24        (n²-1) 
5)   0,2,7,14,23        (n²-2) 
6)   3,6,11,18,27       (n²+2) 
7)   4,7,12,19,28       (n²+3) 
8)   5,8,13,20,29       (n²+4) 
9)   2,6,12,20,30       (n²+n) 
10)  1,3,7,9,13         (+2,+4) 
11)  1,4,6,10,12        (+4,+2) 
12)  1,6,16,21,31       (+5,+10) 
13)  1,11,16,26,31      (+10,+5) 
14)  1,2,4,8,16         (*2) 
15)  3,5,7,11,13        (prime) 
16)  13,15,17,21,23     (prime+10) 
17)  5,10,15,20,25      (+5) 
18)  11,17,23,29,35     (+6) 
19)  9,18,27,36,48      (+9) 
20)  1,1,9,25,49        (odd squared starts from -1) 
21)  16,4,4,16,36       (even squared starts from -2) 
22)  0,1,1,2,3,5        (fibonnaci) 
23)  0,1,1,2,4,7        (tribonacci)
24)  0,1,1,4,9,25       (fibonnaci²) 
25)  0,1,1,4,9,49       (tribonnaci²) 
26)  1,5,9,15,21        (Vowel Positions) 
27)  2,4,8,14,24        (+2,+4,+6,+8,+10) 
28)  2,8,18,32,50       (n²*2) 
29)  0,12,24,36,48      (+12) 
30)  1,3,5,7,8,10       (months with 31 days) 
